,city,year,weekofyear,total_cases
0,sj,2008,18,1
1,sj,2008,19,0
2,sj,2008,20,2
3,sj,2008,21,4
4,sj,2008,22,4
5,sj,2008,23,8
6,sj,2008,24,5
7,sj,2008,25,8
8,sj,2008,26,9
9,sj,2008,27,11
10,sj,2008,28,7
11,sj,2008,29,13
12,sj,2008,30,10
13,sj,2008,31,14
14,sj,2008,32,15
15,sj,2008,33,20
16,sj,2008,34,13
17,sj,2008,35,18
18,sj,2008,36,23
19,sj,2008,37,13
20,sj,2008,38,20
21,sj,2008,39,17
22,sj,2008,40,20
23,sj,2008,41,16
24,sj,2008,42,16
25,sj,2008,43,14
26,sj,2008,44,14
27,sj,2008,45,25
28,sj,2008,46,16
29,sj,2008,47,16
30,sj,2008,48,10
31,sj,2008,49,6
32,sj,2008,50,3
33,sj,2008,51,6
34,sj,2008,52,1
35,sj,2009,1,12
36,sj,2009,2,8
37,sj,2009,3,9
38,sj,2009,4,8
39,sj,2009,5,9
40,sj,2009,6,6
41,sj,2009,7,3
42,sj,2009,8,2
43,sj,2009,9,6
44,sj,2009,10,5
45,sj,2009,11,2
46,sj,2009,12,0
47,sj,2009,13,0
48,sj,2009,14,2
49,sj,2009,15,0
50,sj,2009,16,2
51,sj,2009,17,1
52,sj,2009,18,1
53,sj,2009,19,1
54,sj,2009,20,1
55,sj,2009,21,1
56,sj,2009,22,5
57,sj,2009,23,5
58,sj,2009,24,5
59,sj,2009,25,10
60,sj,2009,26,8
61,sj,2009,27,15
62,sj,2009,28,12
63,sj,2009,29,18
64,sj,2009,30,14
65,sj,2009,31,13
66,sj,2009,32,17
67,sj,2009,33,19
68,sj,2009,34,18
69,sj,2009,35,23
70,sj,2009,36,20
71,sj,2009,37,15
72,sj,2009,38,24
73,sj,2009,39,22
74,sj,2009,40,23
75,sj,2009,41,22
76,sj,2009,42,25
77,sj,2009,43,22
78,sj,2009,44,19
79,sj,2009,45,17
80,sj,2009,46,18
81,sj,2009,47,25
82,sj,2009,48,25
83,sj,2009,49,14
84,sj,2009,50,17
85,sj,2009,51,9
86,sj,2009,52,17
87,sj,2010,53,11
88,sj,2010,1,13
89,sj,2010,2,11
90,sj,2010,3,9
91,sj,2010,4,10
92,sj,2010,5,8
93,sj,2010,6,8
94,sj,2010,7,9
95,sj,2010,8,6
96,sj,2010,9,10
97,sj,2010,10,8
98,sj,2010,11,5
99,sj,2010,12,10
100,sj,2010,13,5
101,sj,2010,14,2
102,sj,2010,15,2
103,sj,2010,16,1
104,sj,2010,17,9
105,sj,2010,18,7
106,sj,2010,19,5
107,sj,2010,20,7
108,sj,2010,21,9
109,sj,2010,22,16
110,sj,2010,23,17
111,sj,2010,24,14
112,sj,2010,25,12
113,sj,2010,26,16
114,sj,2010,27,16
115,sj,2010,28,16
116,sj,2010,29,15
117,sj,2010,30,12
118,sj,2010,31,16
119,sj,2010,32,19
120,sj,2010,33,24
121,sj,2010,34,22
122,sj,2010,35,21
123,sj,2010,36,21
124,sj,2010,37,24
125,sj,2010,38,25
126,sj,2010,39,21
127,sj,2010,40,23
128,sj,2010,41,22
129,sj,2010,42,19
130,sj,2010,43,18
131,sj,2010,44,21
132,sj,2010,45,21
133,sj,2010,46,15
134,sj,2010,47,6
135,sj,2010,48,0
136,sj,2010,49,0
137,sj,2010,50,14
138,sj,2010,51,8
139,sj,2011,52,5
140,sj,2011,1,9
141,sj,2011,2,12
142,sj,2011,3,10
143,sj,2011,4,10
144,sj,2011,5,8
145,sj,2011,6,7
146,sj,2011,7,8
147,sj,2011,8,6
148,sj,2011,9,1
149,sj,2011,10,3
150,0,0,0,0
151,sj,2011,12,2
152,sj,2011,13,4
153,sj,2011,14,4
154,sj,2011,15,2
155,sj,2011,16,2
156,sj,2011,17,0
157,sj,2011,18,2
158,sj,2011,19,0
159,sj,2011,20,1
160,sj,2011,21,5
161,sj,2011,22,8
162,sj,2011,23,7
163,sj,2011,24,16
164,sj,2011,25,12
165,sj,2011,26,11
166,sj,2011,27,13
167,sj,2011,28,8
168,sj,2011,29,11
169,sj,2011,30,20
170,sj,2011,31,14
171,sj,2011,32,11
172,sj,2011,33,15
173,sj,2011,34,23
174,sj,2011,35,21
175,sj,2011,36,17
176,sj,2011,37,26
177,sj,2011,38,19
178,sj,2011,39,21
179,sj,2011,40,19
180,sj,2011,41,19
181,sj,2011,42,17
182,sj,2011,43,14
183,sj,2011,44,14
184,sj,2011,45,15
185,sj,2011,46,30
186,sj,2011,47,14
187,sj,2011,48,12
188,sj,2011,49,3
189,sj,2011,50,12
190,sj,2011,51,5
191,sj,2012,52,7
192,sj,2012,1,10
193,sj,2012,2,10
194,sj,2012,3,7
195,sj,2012,4,9
196,sj,2012,5,4
197,sj,2012,6,7
198,sj,2012,7,6
199,sj,2012,8,4
200,sj,2012,9,3
201,sj,2012,10,5
202,sj,2012,11,2
203,sj,2012,12,3
204,sj,2012,13,1
205,sj,2012,14,2
206,sj,2012,15,3
207,sj,2012,16,1
208,sj,2012,17,1
209,sj,2012,18,4
210,sj,2012,19,1
211,sj,2012,20,7
212,sj,2012,21,4
213,sj,2012,22,3
214,sj,2012,23,8
215,sj,2012,24,10
216,sj,2012,25,15
217,sj,2012,26,14
218,sj,2012,27,13
219,sj,2012,28,10
220,sj,2012,29,15
221,sj,2012,30,18
222,sj,2012,31,14
223,sj,2012,32,13
224,sj,2012,33,17
225,sj,2012,34,22
226,sj,2012,35,13
227,sj,2012,36,19
228,sj,2012,37,17
229,sj,2012,38,17
230,sj,2012,39,24
231,sj,2012,40,18
232,sj,2012,41,19
233,sj,2012,42,18
234,sj,2012,43,25
235,sj,2012,44,25
236,sj,2012,45,22
237,sj,2012,46,22
238,sj,2012,47,21
239,sj,2012,48,19
240,sj,2012,49,12
241,sj,2012,50,16
242,sj,2012,51,7
243,sj,2013,1,8
244,sj,2013,2,8
245,sj,2013,3,3
246,sj,2013,4,6
247,sj,2013,5,8
248,sj,2013,6,7
249,sj,2013,7,6
250,sj,2013,8,4
251,sj,2013,9,3
252,sj,2013,10,5
253,sj,2013,11,1
254,sj,2013,12,0
255,sj,2013,13,5
256,sj,2013,14,2
257,sj,2013,15,2
258,sj,2013,16,3
259,sj,2013,17,1
260,iq,2010,26,1
261,iq,2010,27,1
262,iq,2010,28,2
263,0,0,0,0
264,iq,2010,30,1
265,iq,2010,31,1
266,iq,2010,32,1
267,iq,2010,33,0
268,iq,2010,34,1
269,iq,2010,35,1
270,0,0,0,0
271,0,0,0,0
272,iq,2010,38,1
273,iq,2010,39,1
274,iq,2010,40,3
275,iq,2010,41,1
276,iq,2010,42,1
277,iq,2010,43,2
278,iq,2010,44,4
279,iq,2010,45,2
280,iq,2010,46,2
281,iq,2010,47,2
282,iq,2010,48,4
283,iq,2010,49,5
284,iq,2010,50,3
285,0,0,0,0
286,iq,2011,52,6
287,iq,2011,1,10
288,iq,2011,2,8
289,iq,2011,3,9
290,iq,2011,4,7
291,iq,2011,5,7
292,iq,2011,6,12
293,iq,2011,7,5
294,iq,2011,8,10
295,iq,2011,9,8
296,iq,2011,10,7
297,iq,2011,11,7
298,iq,2011,12,6
299,iq,2011,13,6
300,iq,2011,14,6
301,iq,2011,15,4
302,iq,2011,16,1
303,iq,2011,17,3
304,iq,2011,18,4
305,iq,2011,19,1
306,iq,2011,20,0
307,iq,2011,21,3
308,iq,2011,22,1
309,iq,2011,23,1
310,iq,2011,24,1
311,iq,2011,25,0
312,iq,2011,26,0
313,iq,2011,27,0
314,iq,2011,28,1
315,iq,2011,29,1
316,iq,2011,30,1
317,iq,2011,31,1
318,iq,2011,32,1
319,iq,2011,33,0
320,iq,2011,34,0
321,iq,2011,35,1
322,iq,2011,36,0
323,iq,2011,37,0
324,iq,2011,38,2
325,iq,2011,39,2
326,iq,2011,40,1
327,iq,2011,41,3
328,iq,2011,42,5
329,iq,2011,43,2
330,iq,2011,44,2
331,iq,2011,45,1
332,iq,2011,46,3
333,iq,2011,47,3
334,iq,2011,48,2
335,iq,2011,49,3
336,iq,2011,50,4
337,iq,2011,51,4
338,iq,2012,52,6
339,iq,2012,1,7
340,iq,2012,2,8
341,iq,2012,3,5
342,iq,2012,4,8
343,iq,2012,5,9
344,iq,2012,6,4
345,iq,2012,7,5
346,iq,2012,8,5
347,iq,2012,9,5
348,iq,2012,10,4
349,iq,2012,11,2
350,iq,2012,12,3
351,iq,2012,13,7
352,iq,2012,14,1
353,iq,2012,15,4
354,iq,2012,16,4
355,iq,2012,17,2
356,iq,2012,18,3
357,iq,2012,19,2
358,iq,2012,20,4
359,iq,2012,21,1
360,iq,2012,22,2
361,iq,2012,23,2
362,iq,2012,24,1
363,iq,2012,25,2
364,iq,2012,26,0
365,iq,2012,27,1
366,iq,2012,28,1
367,iq,2012,29,2
368,iq,2012,30,1
369,iq,2012,31,1
370,iq,2012,32,1
371,iq,2012,33,0
372,iq,2012,34,1
373,0,0,0,0
374,iq,2012,36,2
375,iq,2012,37,2
376,iq,2012,38,2
377,iq,2012,39,2
378,iq,2012,40,0
379,iq,2012,41,3
380,iq,2012,42,1
381,iq,2012,43,6
382,iq,2012,44,3
383,iq,2012,45,2
384,iq,2012,46,8
385,iq,2012,47,6
386,iq,2012,48,5
387,iq,2012,49,4
388,iq,2012,50,3
389,iq,2012,51,6
390,iq,2013,1,9
391,iq,2013,2,6
392,iq,2013,3,6
393,iq,2013,4,9
394,iq,2013,5,6
395,iq,2013,6,9
396,iq,2013,7,6
397,iq,2013,8,7
398,iq,2013,9,5
399,iq,2013,10,4
400,iq,2013,11,8
401,iq,2013,12,8
402,iq,2013,13,7
403,iq,2013,14,3
404,iq,2013,15,4
405,iq,2013,16,4
406,iq,2013,17,4
407,iq,2013,18,4
408,iq,2013,19,4
409,iq,2013,20,2
410,iq,2013,21,2
411,iq,2013,22,3
412,iq,2013,23,2
413,iq,2013,24,0
414,iq,2013,25,1
415,iq,2013,26,2
